INSERT INTO ape (bloco, andar, apartamento, garagem) VALUES
    -- Bloco 1
    (1, 1, 1, 1),
    (1, 1, 2, 2),
    (1, 1, 3, 3),
    (1, 1, 4, 4),
    (1, 2, 1, 5),
    (1, 2, 2, 6),
    (1, 2, 3, 7),
    (1, 2, 4, 8),
    (1, 3, 1, 9),
    (1, 3, 2, 10),
    (1, 3, 3, 11),
    (1, 3, 4, 12),
    (1, 4, 1, 13),
    (1, 4, 2, 14),
    (1, 4, 3, 15),
    (1, 4, 4, 16),
    (1, 5, 1, 17),
    (1, 5, 2, 18),
    (1, 5, 3, 19),
    (1, 5, 4, 20),
    (1, 6, 1, 21),
    (1, 6, 2, 22),
    (1, 6, 3, 23),
    (1, 6, 4, 24),
    (1, 7, 1, 25),
    (1, 7, 2, 26),
    (1, 7, 3, 27),
    (1, 7, 4, 28),
    (1, 8, 1, 29),
    (1, 8, 2, 30),
    (1, 8, 3, 31),
    (1, 8, 4, 32),
    (1, 9, 1, 33),
    (1, 9, 2, 34),
    (1, 9, 3, 35),
    (1, 9, 4, 36),
    (1, 10, 1, 37),
    (1, 10, 2, 38),
    (1, 10, 3, 39),
    (1, 10, 4, 40),
    (1, 11, 1, 41),
    (1, 11, 2, 42),
    (1, 11, 3, 43),
    (1, 11, 4, 44),
    (1, 12, 1, 45),
    (1, 12, 2, 46),
    (1, 12, 3, 47),
    (1, 12, 4, 48),
    (1, 13, 1, 49),
    (1, 13, 2, 50),
    (1, 13, 3, 51),
    (1, 13, 4, 52),
    (1, 14, 1, 53),
    (1, 14, 2, 54),
    (1, 14, 3, 55),
    (1, 14, 4, 56),
    (1, 15, 1, 57),
    (1, 15, 2, 58),
    (1, 15, 3, 59),
    (1, 15, 4, 60)

    -- Bloco 2
    (2, 1, 1, 61),
    (2, 1, 2, 62),
    (2, 1, 3, 63),
    (2, 1, 4, 64),
    (2, 2, 1, 65),
    (2, 2, 2, 66),
    (2, 2, 3, 67),
    (2, 2, 4, 68),
    (2, 3, 1, 69),
    (2, 3, 2, 70),
    (2, 3, 3, 71),
    (2, 3, 4, 72),
    (2, 4, 1, 73),
    (2, 4, 2, 74),
    (2, 4, 3, 75),
    (2, 4, 4, 76),
    (2, 5, 1, 77),
    (2, 5, 2, 78),
    (2, 5, 3, 79),
    (2, 5, 4, 80),
    (2, 6, 1, 81),
    (2, 6, 2, 82),
    (2, 6, 3, 83),
    (2, 6, 4, 84),
    (2, 7, 1, 85),
    (2, 7, 2, 86),
    (2, 7, 3, 87),
    (2, 7, 4, 88),
    (2, 8, 1, 89),
    (2, 8, 2, 90),
    (2, 8, 3, 91),
    (2, 8, 4, 92),
    (2, 9, 1, 93),
    (2, 9, 2, 94),
    (2, 9, 3, 95),
    (2, 9, 4, 96),
    (2, 10, 1, 97),
    (2, 10, 2, 98),
    (2, 10, 3, 99),
    (2, 10, 4, 100),
    (2, 11, 1, 101),
    (2, 11, 2, 102),
    (2, 11, 3, 103),
    (2, 11, 4, 104),
    (2, 12, 1, 105),
    (2, 12, 2, 106),
    (2, 12, 3, 107),
    (2, 12, 4, 108),
    (2, 13, 1, 109),
    (2, 13, 2, 110),
    (2, 13, 3, 111),
    (2, 13, 4, 112),
    (2, 14, 1, 113),
    (2, 14, 2, 114),
    (2, 14, 3, 115),
    (2, 14, 4, 116),
    (2, 15, 1, 117),
    (2, 15, 2, 118),
    (2, 15, 3, 119),
    (2, 15, 4, 120)

    -- Bloco 3
    (3, 1, 1, 121),
    (3, 1, 2, 122),
    (3, 1, 3, 123),
    (3, 1, 4, 124),
    (3, 2, 1, 125),
    (3, 2, 2, 126),
    (3, 2, 3, 127),
    (3, 2, 4, 128),
    (3, 3, 1, 129),
    (3, 3, 2, 130),
    (3, 3, 3, 131),
    (3, 3, 4, 132),
    (3, 4, 1, 133),
    (3, 4, 2, 134),
    (3, 4, 3, 135),
    (3, 4, 4, 136),
    (3, 5, 1, 137),
    (3, 5, 2, 138),
    (3, 5, 3, 139),
    (3, 5, 4, 140),
    (3, 6, 1, 141),
    (3, 6, 2, 142),
    (3, 6, 3, 143),
    (3, 6, 4, 144),
    (3, 7, 1, 145),
    (3, 7, 2, 146),
    (3, 7, 3, 147),
    (3, 7, 4, 148),
    (3, 8, 1, 149),
    (3, 8, 2, 150),
    (3, 8, 3, 151),
    (3, 8, 4, 152),
    (3, 9, 1, 153),
    (3, 9, 2, 154),
    (3, 9, 3, 155),
    (3, 9, 4, 156),
    (3, 10, 1, 157),
    (3, 10, 2, 158),
    (3, 10, 3, 159),
    (3, 10, 4, 160),
    (3, 11, 1, 161),
    (3, 11, 2, 162),
    (3, 11, 3, 163),
    (3, 11, 4, 164),
    (3, 12, 1, 165),
    (3, 12, 2, 166),
    (3, 12, 3, 167),
    (3, 12, 4, 168),
    (3, 13, 1, 169),
    (3, 13, 2, 170),
    (3, 13, 3, 171),
    (3, 13, 4, 172),
    (3, 14, 1, 173),
    (3, 14, 2, 174),
    (3, 14, 3, 175),
    (3, 14, 4, 176),
    (3, 15, 1, 177),
    (3, 15, 2, 178),
    (3, 15, 3, 179),
    (3, 15, 4, 180);